2
27 января 2013 года
Кемерово

4
Ермаков Валерий Константинович
Орехова Ирина Владимировна
Попов Тимофей Владимирович
Сташ Артур Борисович

194
1718   Заводская,Кемерово 1613 1720 0 1462 118  140 118 1462  4 1576  0 0 1533  24  16   3
181    Заводская,Кемерово  446  520 0  446   0   74   0  446 10  436  0 0  432   3   1   0
182    Заводская,Кемерово 2262 2000 0 1778  41  181  41 1778 18 1801  0 0 1680  33  46  42
183    Заводская,Кемерово 2145 1950 0 1357  46  547  46 1357 41 1362  0 0 1151 111  41  59
184    Заводская,Кемерово 1641 1500 0 1034  57  409  57 1034 14 1077  0 0  941  69  26  41
185    Заводская,Кемерово 2553 2450 0 2069  21  360  21 2069 28 2062  0 0 1957  41   3  61
186    Заводская,Кемерово 2161 2050 0 1671  26  353  26 1671 21 1676  0 0 1432 109  59  76
187    Заводская,Кемерово 1894 1800 0 1454  28  318  28 1454 17 1465  0 0 1345  76   5  39
188    Заводская,Кемерово 2031 1900 0 1365 193  342 193 1365 10 1548  0 0 1388  93  35  32
189    Заводская,Кемерово  466  494 0  256  36  202  36  256  2  290  0 0  255  11   9  15
190    Заводская,Кемерово 1717 1574 0  992  52  530  52  992 15 1029  0 0  896  61  32  40
191    Заводская,Кемерово 1255 1224 0  792  69  363  69  792 18  843  0 0  708  77  31  27
192    Заводская,Кемерово 1045  974 0  343  20  611  20  343  8  355  0 0  277  37  18  23
193    Заводская,Кемерово 1855 1724 0  566  46 1112  46  566 15  597  0 0  467  59  34  37
194    Заводская,Кемерово 1953 1750 0 1710  35    5  35 1710  0 1745  0 0 1704   3  30   8
195    Заводская,Кемерово 1058 1024 0  828  30  166  30  828  9  849  0 0  744  54  25  26
196    Заводская,Кемерово 2270 2050 0 1013  92  945  92 1005 27 1070  0 0  893  93  23  61
197    Заводская,Кемерово 1660 1700 0 1468  77  155  77 1468 63 1482  0 0 1427  31   5  19
198    Заводская,Кемерово 1817 1650 0 1429 174   47 174 1429  7 1596  0 0 1508  55  20  13
199    Заводская,Кемерово 1560 1630 0 1332 170  128 170 1332  0 1502  0 0 1483   8   5   6
200    Заводская,Кемерово 1680 1850 0  968 269  613 269  968 13 1224  0 0 1092  67  19  46
201    Заводская,Кемерово 2311 2300 0 1398 296  606 296 1398 16 1678  0 0 1543  86  23  26
202    Заводская,Кемерово 1071  970 0  600 370    0 370  600  0  970  0 0  901  43   7  19
203    Заводская,Кемерово 2218 1900 0 1553  89  258  89 1553 20 1622  0 0 1482  79  22  39
204    Заводская,Кемерово  847  864 0  695  72   97  72  695  4  763  0 0  714  22  13  14
205    Заводская,Кемерово 2513 2250 0 1814 213  223 213 1814 15 2012  0 0 1902  64  17  29
206    Заводская,Кемерово 1699 1500 0 1382 115  325 115 1382  0 1497  0 0 1434  20  25  18
207    Заводская,Кемерово 1422 1374 0 1077  41  256  41 1077 10 1108  0 0 1008  66  18  16
208    Заводская,Кемерово 2626 2400 0 2125 179   96 179 2125  0 2304  0 0 2190  72  23  19
209    Заводская,Кемерово 1766 1550 0 1172  45  333  45 1172 19 1198  0 0 1129  24   2  43
210    Заводская,Кемерово 1621 1450 0  954  58  438  58  954 12 1000  0 0  985   9   1   5
211    Заводская,Кемерово 2148 2000 0 1858  99   43  99 1857 28 1928  0 0 1737  92  34  65
212    Заводская,Кемерово 2364 2150 0 1992  56  102  56 1992 29 2019  0 0 1836  74  19  90
213    Заводская,Кемерово 1874 1570 0 1421 147  225 147 1421 12 1556  0 0 1414  63  31  48
214    Заводская,Кемерово 2385 2200 0 2064 110   26 110 2064 25 2149  0 0 2116  23   7   3
215    Заводская,Кемерово  677  674 0  302  11  361  11  302  5  308  0 0  261  23  15   9
216    Заводская,Кемерово 2295 2250 0 2019 100  131 100 1995 36 2059  0 0 1951  41   7  60
217    Заводская,Кемерово 2035 1800 0 1731   2   67   2 1729 55 1676  0 0 1542  54  49  31
218    Заводская,Кемерово 2471 2250 0 2050  85  115  85 2025 22 2088  0 0 1927  86  22  53
219    Заводская,Кемерово 2494 2450 0 2094  87  269  87 2094 19 2162  0 0 1972  86  46  58
220    Заводская,Кемерово 2850 2600 0 2192 158  250 158 2192 33 2317  0 0 2195  49  33  40
221    Заводская,Кемерово 2535 2300 0 1616 111  573 111 1615 21 1705  0 0 1584  64  21  36
222    Заводская,Кемерово 2950 2900 0 2842  32   26  32 2842 34 2840  0 0 2822   4   8   6
223    Заводская,Кемерово 2458 2300 0 1940  35  325  35 1939 20 1954  0 0 1706 107  60  81
224    Заводская,Кемерово 1838 1700 0 1496  60  144  60 1496  3 1553  0 0 1391 122   9  31
225    Заводская,Кемерово 2702 2600 0 2095 133  372 133 2095 11 2217  0 0 2040  77  43  57
226    Заводская,Кемерово 2574 2450 0 2094 178  178 178 2094  0 2272  0 0 2171  45   5  51
227    Заводская,Кемерово 2201 2030 0 1620  74  336  74 1620 26 1668  0 0 1561  19   3  85
228    Заводская,Кемерово 1955 1750 0 1504  21  225  21 1504  5 1520  0 0 1365  84  19  52
229    Заводская,Кемерово 1766 1600 0 1336  24  240  24 1336  1 1359  0 0 1224  95  10  30
230    Заводская,Кемерово   87  164 0   63  24   77  24   63  3   84  0 0   77   6   0   1
231    Заводская,Кемерово  291  630 0  291   0  339   0  291 77  214  0 0  206   3   3   2
232    Заводская,Кемерово 1665 1624 0 1218 239  167 239 1218 14 1443  0 0 1347  55  23  18
233    Заводская,Кемерово 2459 2350 0 1747 358  245 358 1747 22 2083  0 0 1977  41  34  31
234    Заводская,Кемерово 2086 1980 0 1625 318   37 318 1625 13 1930  0 0 1824  58  14  34
235    Заводская,Кемерово 2011 1900 0 1543 357    0 357 1543  1 1899  0 0 1825  37  20  17
236    Заводская,Кемерово 1282 1330 0 1074 208   48 208 1074  2 1280  0 0 1219  32  13  16
237    Заводская,Кемерово 1999 1990 0 1677 308    5 308 1677 20 1965  0 0 1910  20  18  17
238    Заводская,Кемерово 1477 1464 0 1099 252  113 252 1099 20 1331  0 0 1168  97  29  37
239    Кировская,Кемерово 2752 2800 0 2097 405  298 405 2097 23 2479  0 0 2289  84  46  60
240    Кировская,Кемерово 2490 2500 0 1996 444   60 444 1996 25 2415  0 0 2342  24   2  47
241    Кировская,Кемерово 2062 2100 0 1814  72  214  72 1814  4 1882  0 0 1786  29  14  53
242    Кировская,Кемерово 2171 2200 0 1837  97  266  97 1837 10 1924  0 0 1854  31  12  27
243    Кировская,Кемерово 1472 1500 0  813 181  506 181  813 25  969  0 0  804  73  30  62
244    Кировская,Кемерово 2553 2600 0 2005 333  262 333 1993 31 2295  0 0 2102 100  38  55
245    Кировская,Кемерово 2440 2500 0 1955 317  228 317 1955 19 2253  0 0 2174  35  10  34
246    Кировская,Кемерово 2560 2600 0 2182 301  117 301 2182 18 2465  0 0 2426  17   7  15
247    Кировская,Кемерово 2674 2700 0 2170 216  314 216 2170  0 2386  0 0 2204 107  33  42
248    Кировская,Кемерово 2708 2700 0 2187 473   40 473 2187 20 2640  0 0 2560  51   3  26
249    Кировская,Кемерово 2573 2600 0 1545  75  980  75 1545 26 1594  0 0 1451  74  28  41
250    Кировская,Кемерово 2769 2700 0 2073 334  293 334 2068 11 2391  0 0 2314  33   8  36
251    Кировская,Кемерово 2700 2700 0 2074 202  424 202 2074 43 2233  0 0 2037  99  40  57
252    Кировская,Кемерово 2332 2300 0 1752 393  155 393 1752 82 2063  0 0 2002  20  16  25
253    Кировская,Кемерово 2609 2600 0 1748 396  456 396 1746 24 2118  0 0 1993  69  19  37
254    Кировская,Кемерово 2747 2800 0 2420 245  135 245 2420 11 2654  0 0 2612  17  16   9
255    Кировская,Кемерово 2290 2300 0 1787 434   79 434 1787  5 2216  0 0 2193   5   7  11
256    Кировская,Кемерово 2100 2100 0 1721 271  108 271 1721 28 1964  0 0 1776  97  47  44
257    Ленинская,Кемерово 1794 1700 0 1634  66    0  66 1634 50 1650  0 0 1528  31  62  29
258    Ленинская,Кемерово 1939 1700 0 1414  64  222  64 1414 12 1466  0 0 1334  66  26  40
259    Ленинская,Кемерово 1872 1700 0 1253 156  291 156 1253 34 1375  0 0 1228  77  36  34
260    Ленинская,Кемерово 2264 2000 0 1506  26  468  26 1423 46 1403  0 0 1196  87  49  71
261    Ленинская,Кемерово 2730 2500 0 1682  61  757  61 1682 29 1714  0 0 1521 113  17  63
262    Ленинская,Кемерово 2517 2400 0 2105  49  246  49 2105 11 2143  0 0 1989  93   2  59
263    Ленинская,Кемерово 2501 2300 0 2214  74   12  74 2214  0 2288  0 0 2183  44  13  48
264    Ленинская,Кемерово 2128 2000 0 1887  34   79  34 1886 10 1910  0 0 1821  25   7  57
265    Ленинская,Кемерово 2070 1900 0 1762  42   96  42 1762 14 1790  0 0 1700  27   9  54
266    Ленинская,Кемерово 2648 2400 0 2123  59  218  59 2123 20 2162  0 0 1974  89  30  69
267    Ленинская,Кемерово 2176 2100 0 2056  24   20  24 2056  0 2080  0 0 1977  37  12  54
268    Ленинская,Кемерово 2809 2600 0 2464  32  104  32 2464  0 2496  0 0 2238  97  59 102
269    Ленинская,Кемерово 2279 2100 0 1967  33  100  33 1934 30 1937  0 0 1744  88  43  62
270    Ленинская,Кемерово 2388 2200 0 2151  30   19  30 2151 12 2169  0 0 2081  53  12  23
271    Ленинская,Кемерово 2363 2300 0 2222  33   45  33 2222  0 2255  0 0 2064  92   9  90
272    Ленинская,Кемерово 2426 2310 0 2198 105    7 105 2198 22 2281  0 0 2142  63  23  53
273    Ленинская,Кемерово 2355 2200 0 1907 213   80 213 1907  0 2120  0 0 2015  54   6  45
274    Ленинская,Кемерово 1830 1700 0 1485 162   53 162 1485  0 1647  0 0 1566  22  15  44
275    Ленинская,Кемерово 2156 1800 0 1590  59  151  59 1590 21 1628  0 0 1380  99  89  60
276    Ленинская,Кемерово 1044 1000 0  729  45  226  45  729 20  754  0 0  563  84  50  57
277    Ленинская,Кемерово 1301 1300 0  819 407   74 407  819 11 1215  0 0 1024  95  49  47
278    Ленинская,Кемерово 2148 2100 0 1755 120  225 120 1755 18 1857  0 0 1715  68  32  42
279    Ленинская,Кемерово 2128 2100 0 1678 186  236 186 1678 24 1840  0 0 1712  82   7  39
280    Ленинская,Кемерово 2482 2200 0 1876 123  201 123 1876 21 1978  0 0 1795  71  49  63
281    Ленинская,Кемерово 1963 1800 0 1077  88  635  88 1077 13 1152  0 0  975  58  47  72
282    Ленинская,Кемерово 1972 1800 0 1603  72  125  72 1591 23 1640  0 0 1500  64  24  52
283    Ленинская,Кемерово 2599 2400 0 1904  64  432  64 1904 19 1949  0 0 1804  76  22  47
284    Ленинская,Кемерово 2065 1900 0 1825  39   36  39 1825 14 1850  0 0 1703  74  18  55
285    Ленинская,Кемерово 2172 2100 0 1736 131  233 131 1736 23 1844  0 0 1632  90  55  67
286    Ленинская,Кемерово 2150 1900 0 1824  33   43  33 1824 51 1806  0 0 1691  61  22  32
287    Ленинская,Кемерово 2578 2200 0 2058  44   98  44 2056 22 2078  0 0 1922  68  28  60
288    Ленинская,Кемерово 2596 2500 0 2297  56  147  56 2297 18 2335  0 0 2144  87  50  54
289    Ленинская,Кемерово 2629 2500 0 2323  69  108  69 2320 23 2366  0 0 2150 103  44  69
290    Ленинская,Кемерово 1357 1200 0  958  26  216  26  958 38  946  0 0  835  56  25  30
291    Ленинская,Кемерово 2076 1900 0 1829  56   15  56 1829 17 1868  0 0 1715  79  27  47
292    Ленинская,Кемерово 1952 1800 0 1759  20   21  20 1759  0 1779  0 0 1618  53  19  89
293    Ленинская,Кемерово 2001 1920 0 1627 278   15 278 1627 19 1886  0 0 1765  65   7  49
294    Ленинская,Кемерово 1819 1600 0  891 193  516 193  891 19 1065  0 0  902  65  32  66
295    Ленинская,Кемерово 1982 1800 0  796  38  966  38  795 19  814  0 0  661  69  43  41
296    Ленинская,Кемерово 2115 1900 0 1836  32   32  32 1833 16 1849  0 0 1717  57  24  51
297    Ленинская,Кемерово 2041 2000 0 1729  49  222  49 1729 43 1735  0 0 1546  67  41  81
298    Ленинская,Кемерово 1957 1800 0 1646  23  131  23 1646 12 1657  0 0 1483  87  35  52
299    Ленинская,Кемерово 1682 1660 0 1620  24   16  24 1620 18 1626  0 0 1592   4   8  22
300    Ленинская,Кемерово 1670 1600 0 1405  31  164  31 1405 12 1424  0 0 1311  44  30  39
301    Ленинская,Кемерово 2280 2200 0 2112  37   51  37 2112 16 2133  0 0 2024  47  24  38
302    Ленинская,Кемерово 1986 1900 0 1733  27  140  27 1733 17 1743  0 0 1615  61  15  52
303    Ленинская,Кемерово 2211 2100 0 1892  37  171  37 1892 19 1910  0 0 1771  84  17  38
304  Центральная,Кемерово 1794 1600 0 1192 253  155 253 1190 24 1419  0 0 1229  62  34  94
305  Центральная,Кемерово 1388 1200 0 1085 111    4 111 1085  0 1196  0 0 1034  60  33  69
306  Центральная,Кемерово 1306 1200 0  957 219   24 219  957 20 1156  0 0 1027  41  23  65
307  Центральная,Кемерово 2054 1800 0 1388 292  120 292 1388 34 1646  0 0 1445  74  39  88
308  Центральная,Кемерово 1654 1500 0 1117 168  215 168 1117 10 1275  0 0 1085  68  43  79
309  Центральная,Кемерово 1661 1500 0 1284 188   28 188 1284 12 1460  0 0 1350  52  10  48
310  Центральная,Кемерово 1960 1800 0 1273 243  284 243 1273 23 1493  0 0 1336  70  23  64
311  Центральная,Кемерово 1434 1300 0  785 229  286 229  785  6 1008  0 0  873  50  28  57
312  Центральная,Кемерово 1888 1700 0 1245  75  380  75 1238 23 1290  0 0 1138  75  27  50
313  Центральная,Кемерово 1789 1600 0 1545  48    7  48 1545  8 1585  0 0 1435  42  57  51
314  Центральная,Кемерово 2031 1800 0 1300 111  389 111 1299 39 1371  0 0 1196  80  50  45
315  Центральная,Кемерово 1592 1400 0  722  47  631  47  722 12  757  0 0  616  55  31  55
316  Центральная,Кемерово 1373 1200 0  758  85  357  85  758 13  830  0 0  698  58  28  46
317  Центральная,Кемерово 1399 1600 0  793 122  685 122  790 20  892  0 0  723  57  41  71
318  Центральная,Кемерово 2002 1900 0 1087 218  595 218 1081 14 1285  0 0 1095  80  44  66
319  Центральная,Кемерово 1957 1700 0  758  91  851  91  758 19  830  0 0  663  78  42  47
320  Центральная,Кемерово 2341 2100 0 1874  69  157  69 1874  0 1943  0 0 1826  51  29  37
321  Центральная,Кемерово 1489 1400 0 1210 130   60 130 1210 10 1330  0 0 1244  43  12  31
322  Центральная,Кемерово 2274 2100 0 1588  98  414  98 1588 13 1673  0 0 1545  44  42  42
323  Центральная,Кемерово 1710 1600 0 1195  78  327  78 1187 22 1243  0 0 1164  40  11  28
324  Центральная,Кемерово 1750 1600 0  974 164  462 164  974  9 1129  0 0  995  64  20  50
325  Центральная,Кемерово 1695 1600 0 1084  76  440  76 1084 17 1143  0 0  996  66  35  46
326  Центральная,Кемерово 1915 1700 0 1621  79    0  79 1620 15 1684  0 0 1521  59  30  74
327  Центральная,Кемерово 2100 1900 0 1716 121   63 121 1716 24 1813  0 0 1653  61  20  79
328  Центральная,Кемерово 2169 2000 0 1146 224  610 224 1146 21 1349 20 0 1217  61  29  42
329  Центральная,Кемерово 2541 2400 0 2046 292   62 292 2046 19 2319  0 0 2163  83  21  52
330  Центральная,Кемерово 1982 1800 0 1657 123   20 123 1657 18 1762  0 0 1604  70  26  62
331  Центральная,Кемерово 1876 1700 0 1453 236   11 236 1453  3 1686  0 0 1565  65  25  31
332  Центральная,Кемерово 1869 1800 0  776 303  721 303  776 20 1059  0 0  891  77  50  41
333  Центральная,Кемерово 2171 1900 0 1709  54  137  54 1709 18 1745  0 0 1604  70  27  44
334  Центральная,Кемерово 2303 1900 0 1932  72   96  72 1932 13 1991  0 0 1884  64  10  33
335  Центральная,Кемерово 2541 2300 0 1691  93  516  93 1691 24 1760  0 0 1581  65  43  71
336  Центральная,Кемерово 2164 2000 0 1754 123  123 123 1754  6 1871  0 0 1768  52  17  34
337  Центральная,Кемерово 2228 2100 0 1957 120   23 120 1957 13 2064  0 0 1931  57  28  48
338  Центральная,Кемерово 2189 2000 0 1453 104  443 104 1452 23 1533  0 0 1357  80  37  59
339  Центральная,Кемерово 2341 2200 0 1913  71  216  71 1913  1 1983  0 0 1872  32  25  54
340  Центральная,Кемерово 2658 2400 0 1245 161  994 161 1245 29 1377  0 0 1095 139  51  92
341  Центральная,Кемерово 2468 2300 0 2121 100   79 100 2121  9 2212  0 0 2051  55  35  71
342  Центральная,Кемерово  515  650 0  463  51  136  51  463 16  498  0 0  405  41  18  34
343  Центральная,Кемерово  494	800 0  220 274  306 274  220  9  485  0 0  408  35  18  24
344    Рудничная,Кемерово 1931 1900 0 1310 353  237 353 1309 40 1622  0 0 1484  79  32  27
345    Рудничная,Кемерово 2332 2100 0 1688 341   71 341 1688 75 1954  0 0 1881  43  15  15
346    Рудничная,Кемерово 1937 1800 0 1304 402   94 402 1304 10 1696  0 0 1589  54  15  38
347    Рудничная,Кемерово 2329 2300 0 2033 168   99 168 2033 20 2181  0 0 2111  37  11  22
348    Рудничная,Кемерово 1331 1400 0 1004 136  260 136 1004  9 1131  0 0 1040  39  37  15
349    Рудничная,Кемерово 2316 2000 0 1762 120  118 120 1759 43 1836  0 0 1641  66  43  86
350    Рудничная,Кемерово 2151 2200 0 1077 487  636 487 1077 12 1552  0 0 1317 106  55  74
351    Рудничная,Кемерово 2615 2400 0 1905 429   66 429 1905 33 2301  0 0 2242  27  12  20
352    Рудничная,Кемерово 2250 2000 0 1637 308   55 308 1637 12 1933  0 0 1805  64  18  46
353    Рудничная,Кемерово 2053 1900 0 1472 199  229 199 1472  6 1665  0 0 1624  15   3  23
354    Рудничная,Кемерово 2299 2100 0 1472 293  335 293 1470 35 1728  0 0 1683  29   9   7
355    Рудничная,Кемерово 2637 2500 0 2199 150  151 150 2199 22 2327  0 0 2071 111  57  88
356    Рудничная,Кемерово 2109 2000 0 1387 361  252 361 1387 22 1726  0 0 1696  12   8  10
357    Рудничная,Кемерово 2274 2200 0 1529 110  561 110 1529 17 1622  0 0 1452  69  36  65
358    Рудничная,Кемерово 2543 2300 0 1825  69  406  69 1823 14 1878  0 0 1748  55  26  49
359    Рудничная,Кемерово 2005 2000 0 1453 351  196 351 1453 10 1794  0 0 1714  42  18  20
360    Рудничная,Кемерово 2096 2000 0 1147 185  668 185 1147 29 1303  0 0 1091 102  40  70
361    Рудничная,Кемерово 2229 2000 0 1739 188   73 188 1739 19 1908  0 0 1811  38  26  33
362    Рудничная,Кемерово 1987 1800 0 1439 128  233 128 1439 20 1547  0 0 1362  78  44  63
363    Рудничная,Кемерово 1882 1700 0 1295 190  215 190 1295 10 1475  0 0 1408  37   5  25
364    Рудничная,Кемерово 2330 2200 0 1704  72  424  72 1704 16 1760  0 0 1647  15  41  57
365    Рудничная,Кемерово 1435 1510 0 1298  80  132  80 1298 15 1363  0 0 1202  75  33  53
366   Кедровская,Кемерово 2443 2200 0 2027 146   27 146 2027 23 2150  0 0 2007  89  43  11
367   Кедровская,Кемерово 2714 2500 0 2255 202   43 202 2255  0 2457  0 0 2137 195  98  27
368   Кедровская,Кемерово 2304 2100 0 1929 161   10 161 1929 14 2076  0 0 1778 165  91  42
369   Кедровская,Кемерово 2540 2300 0 2194 100    6 100 2194  0 2294  0 0 1963 204 101  26
370   Кедровская,Кемерово 2383 2200 0 1870 253   77 253 1870  2 2121  0 0 1824 168 104  25
371   Кедровская,Кемерово 2697 2500 0 2148 319   33 319 2148  0 2467  0 0 2248 138  39  42
372   Кедровская,Кемерово 1353 1300 0  923 233  144 233  923  8 1148  0 0  997  76  47  28
373   Кедровская,Кемерово  515  500 0  368  58   74  58  368  1  425  0 0  396  15   8   6
